05 21 31 33 38 42   16/10/2016
03 07 09 18 28 39
02 08 15 16 19 25
02 15 20 32 33 44
24 25 27 34 44 45
16 23 27 34 35 38
06 20 30 38 40 45
03 06 17 21 32 40
01 20 28 32 42 44
06 07 21 32 42 43
05 12 15 30 37 41
07 10 17 20 25 32
04 05 06 23 31 34
02 11 14 23 25 32
06 09 10 18 20 31
07 13 16 18 31 32
06 08 12 13 15 19
11 15 20 24 27 45
09 13 24 35 36 41
08 20 21 31 34 39
04 06 10 15 16 44
10 36 39 43 44 45
08 17 21 23 36 40
11 12 17 33 34 36
02 04 09 19 21 26
13 16 17 29 31 37
28 31 34 37 38 41
06 15 16 19 27 30
03 05 17 22 30 31
03 09 13 18 24 31
02 06 19 21 35 39
03 08 13 20 30 36
14 17 21 25 31 37
01 10 16 18 23 38
03 04 14 20 25 35
02 17 33 37 38 45   20/07/2016



<?php

$str = '
05 21 31 33 38 42
03 07 09 18 28 39
02 08 15 16 19 25
02 15 20 32 33 44
24 25 27 34 44 45
16 23 27 34 35 38
06 20 30 38 40 45
03 06 17 21 32 40
01 20 28 32 42 44
06 07 21 32 42 43
05 12 15 30 37 41
07 10 17 20 25 32
04 05 06 23 31 34
02 11 14 23 25 32
06 09 10 18 20 31
07 13 16 18 31 32
06 08 12 13 15 19
11 15 20 24 27 45
09 13 24 35 36 41
08 20 21 31 34 39
04 06 10 15 16 44
10 36 39 43 44 45
08 17 21 23 36 40
11 12 17 33 34 36
02 04 09 19 21 26
13 16 17 29 31 37
28 31 34 37 38 41
06 15 16 19 27 30
03 05 17 22 30 31
03 09 13 18 24 31
02 06 19 21 35 39
03 08 13 20 30 36
14 17 21 25 31 37
01 10 16 18 23 38
03 04 14 20 25 35
02 17 33 37 38 45';

$all = '
0 1 2 3 4 5 6 7 8 9
01 02 03 04 05 06 07 08 09 10
11 12 13 14 15 16 17 18 19 20
21 22 23 24 25 26 27 28 29 30
31 32 33 34 35 36 37 38 39 40
41 42 43 44 45 46 47 48 49 50
51 52 53 54 55 56 57 58 59 60
61 62 63 64 65 66 67 68 69 70
71 72 73 74 75 76 77 78 79 80
81 82 83 84 85 86 87 88 89 90
91 92 93 94 95 96 97 98 99 
';


?>
