184530200406
040937440519
230843372736
373023352842
331035453419
391110043136
311641052137
172305071333
374011061516
352443400337
383519080340
223536012342
150241321744
053224362042
284325062605
134123101909
083505411128
363207033916
120207444027
342543422706
371518214505
033404371822
061519112241
060107031618
361912410135
222511192431
101121024309
233703261213
104328172607
354424170841
392601040935
302644274009
390907281321
153205060919
442035040713
293710022739
241325331902
420926051514
250118142809
353430192204
044140371601
014419070516
420740013810
280239214006
144233380344
210937424010
353730092926
141202081626
213817100627
083125053515
063211331405
151942073224
130629354405
353401320923
321613410539
163707134430
440207311724
064039250845
270833252030
141122174227
303318280801
112318420708
211715401325
430135274245
404421291707
324407280145
320443091236
210345202519
020611251208
230915111202
392017143516
433031221317
300815390732
323819332044
073206182944
330504381036
021441030819
052521083726
051632174004
213314202313
053327031207
050401203011
052624370428
251223294306
073206182944
282433360901
010231361206
244543124407
310932034010
323006423511
093827042144
051120144232
262439184521
020423412213
033504442630
193938110716
450244190423
284203081801
012433253517
411537271225
291630041927
042806231221
021006202813
153226382934
114001293426
321733083139
181022330211
210513292745
140918302806
220121292620
313234370111
433511282622
293143270525
123724293239
292108450237
452932121839
432230453436
312725042919
362418093339
370735292327
022538433322
120536203429
242543370117
061240180314
033241304307
330539440834
051230260616
020504032422
151126171221
232732284513
270344051338
333726423417
202317410615
302212161718
250304314037
282324220237
380941334223
243126121116
281701444309
251145363423
103630221723
251030142402
041615412026
221332242805
132205030810
280744251240
161310143811
211808162801
211808162801
161732343830
021341181517
333138214205
031828093907
020819151625
322044331502
244425452734
424405061931
382723353416
